0 holeDown.png 1 1
1 holeMiddle.png 1 1
2 holeUp.png 1 1
3 bigMap.png 8 6
TileSize 8 6
TileScale 150 150
TilePosition -1000 -1000
0 0 0 0.833333 0.125 1 0.5 0.5 0.5 0.5 3 1
1 0 0.125 0.833333 0.25 1 0.5 0.5 0.5 0.5 3 1
2 0 0.25 0.833333 0.375 1 0.5 0.5 0.5 0.5 3 1
3 0 0.375 0.833333 0.5 1 0.5 0.5 0.5 0.5 3 1
4 0 0.5 0.833333 0.625 1 0.5 0.5 0.5 0.5 3 1
5 0 0.625 0.833333 0.75 1 0.5 0.5 0.5 0.5 3 1
6 0 0.75 0.833333 0.875 1 0.5 0.5 0.5 0.5 3 1
7 0 0.875 0.833333 1 1 0.5 0.5 0.5 0.5 3 1
0 1 0 0.666667 0.125 0.833333 0.5 0.5 0.5 0.5 3 1
1 1 0.125 0.666667 0.25 0.833333 0.5 0.5 0.5 0.5 3 0
2 1 0.25 0.666667 0.375 0.833333 0.5 0.5 0.5 0.5 3 0
3 1 0 0 1 1 0.5 0.5 0.5 0.5 0 4
4 1 0.5 0.666667 0.625 0.833333 0.5 0.5 0.5 0.5 3 0
5 1 0.625 0.666667 0.75 0.833333 0.5 0.5 0.5 0.5 3 0
6 1 0.75 0.666667 0.875 0.833333 0.5 0.5 0.5 0.5 3 0
7 1 0.875 0.666667 1 0.833333 0.5 0.5 0.5 0.5 3 1
0 2 0 0.5 0.125 0.666667 0.5 0.5 0.5 0.5 3 1
1 2 0 0 1 1 0.5 0.5 0.5 0.5 0 4
2 2 0.25 0.5 0.375 0.666667 0.5 0.5 0.5 0.5 3 0
3 2 0 0 1 1 0.5 0.5 0.5 0.5 2 4
4 2 0.5 0.5 0.625 0.666667 0.5 0.5 0.5 0.5 3 0
5 2 0.625 0.5 0.75 0.666667 0.5 0.5 0.5 0.5 3 0
6 2 0.75 0.5 0.875 0.666667 0.5 0.5 0.5 0.5 3 0
7 2 0.875 0.5 1 0.666667 0.5 0.5 0.5 0.5 3 1
0 3 0 0.333333 0.125 0.5 0.5 0.5 0.5 0.5 3 1
1 3 0 0 1 1 0.5 0.5 0.5 0.5 1 4
2 3 0.25 0.333333 0.375 0.5 0.5 0.5 0.5 0.5 3 0
3 3 0.375 0.333333 0.5 0.5 0.5 0.5 0.5 0.5 3 0
4 3 0.5 0.333333 0.625 0.5 0.5 0.5 0.5 0.5 3 0
5 3 0 0 1 1 0.5 0.5 0.5 0.5 0 4
6 3 0.75 0.333333 0.875 0.5 0.5 0.5 0.5 0.5 3 0
7 3 0.875 0.333333 1 0.5 0.5 0.5 0.5 0.5 3 1
0 4 0 0.166667 0.125 0.333333 0.5 0.5 0.5 0.5 3 1
1 4 0 0 1 1 0.5 0.5 0.5 0.5 2 4
2 4 0.25 0.166667 0.375 0.333333 0.5 0.5 0.5 0.5 3 0
3 4 0 0 1 1 0.5 0.5 0.5 0.5 0 4
4 4 0.5 0.166667 0.625 0.333333 0.5 0.5 0.5 0.5 3 0
5 4 0 0 1 1 0.5 0.5 0.5 0.5 2 4
6 4 0.75 0.166667 0.875 0.333333 0.5 0.5 0.5 0.5 3 0
7 4 0.875 0.166667 1 0.333333 0.5 0.5 0.5 0.5 3 1
0 5 0 0 0.125 0.166667 0.5 0.5 0.5 0.5 3 1
1 5 0.125 0 0.25 0.166667 0.5 0.5 0.5 0.5 3 1
2 5 0.25 0 0.375 0.166667 0.5 0.5 0.5 0.5 3 1
3 5 0.375 0 0.5 0.166667 0.5 0.5 0.5 0.5 3 1
4 5 0.5 0 0.625 0.166667 0.5 0.5 0.5 0.5 3 1
5 5 0.625 0 0.75 0.166667 0.5 0.5 0.5 0.5 3 1
6 5 0.75 0 0.875 0.166667 0.5 0.5 0.5 0.5 3 1
7 5 0.875 0 1 0.166667 0.5 0.5 0.5 0.5 3 1
