0 spike.png 1 1
1 Tile2.png 11 7
2 bigMap.png 1 1
3 bigMap.png 8 5
TileSize 8 5
TileScale 150 150
TilePosition -700 -400
0 0 0 0.8 0.125 1 0.5 0.5 0.5 0.5 3 1
1 0 0.125 0.8 0.25 1 0.5 0.5 0.5 0.5 3 1
2 0 0.25 0.8 0.375 1 0.5 0.5 0.5 0.5 3 1
3 0 0.375 0.8 0.5 1 0.5 0.5 0.5 0.5 3 1
4 0 0.5 0.8 0.625 1 0.5 0.5 0.5 0.5 3 1
5 0 0.625 0.8 0.75 1 0.5 0.5 0.5 0.5 3 1
6 0 0.75 0.8 0.875 1 0.5 0.5 0.5 0.5 3 1
7 0 0.875 0.8 1 1 0.5 0.5 0.5 0.5 3 1
0 1 0 0.6 0.125 0.8 0.5 0.5 0.5 0.5 3 1
1 1 0.125 0.6 0.25 0.8 0.5 0.5 0.5 0.5 3 0
2 1 0.25 0.6 0.375 0.8 0.5 0.5 0.5 0.5 3 0
3 1 0.375 0.6 0.5 0.8 0.5 0.5 0.5 0.5 3 0
4 1 0.5 0.6 0.625 0.8 0.5 0.5 0.5 0.5 3 0
5 1 0.625 0.6 0.75 0.8 0.5 0.5 0.5 0.5 3 0
6 1 0.75 0.6 0.875 0.8 0.5 0.5 0.5 0.5 3 0
7 1 0.875 0.6 1 0.8 0.5 0.5 0.5 0.5 3 1
0 2 0 0.4 0.125 0.6 0.5 0.5 0.5 0.5 3 1
1 2 0.125 0.4 0.25 0.6 0.5 0.5 0.5 0.5 3 0
2 2 0.25 0.4 0.375 0.6 0.5 0.5 0.5 0.5 3 0
3 2 0.375 0.4 0.5 0.6 0.5 0.5 0.5 0.5 3 0
4 2 0.5 0.4 0.625 0.6 0.5 0.5 0.5 0.5 3 0
5 2 0.625 0.4 0.75 0.6 0.5 0.5 0.5 0.5 3 0
6 2 0.75 0.4 0.875 0.6 0.5 0.5 0.5 0.5 3 0
7 2 0.875 0.4 1 0.6 0.5 0.5 0.5 0.5 3 1
0 3 0 0.2 0.125 0.4 0.5 0.5 0.5 0.5 3 1
1 3 0.125 0.2 0.25 0.4 0.5 0.5 0.5 0.5 3 0
2 3 0.25 0.2 0.375 0.4 0.5 0.5 0.5 0.5 3 0
3 3 0.375 0.2 0.5 0.4 0.5 0.5 0.5 0.5 3 0
4 3 0.5 0.2 0.625 0.4 0.5 0.5 0.5 0.5 3 0
5 3 0.625 0.2 0.75 0.4 0.5 0.5 0.5 0.5 3 0
6 3 0.75 0.2 0.875 0.4 0.5 0.5 0.5 0.5 3 0
7 3 0.875 0.2 1 0.4 0.5 0.5 0.5 0.5 3 1
0 4 0 0 0.125 0.2 0.5 0.5 0.5 0.5 3 1
1 4 0.125 0 0.25 0.2 0.5 0.5 0.5 0.5 3 1
2 4 0.25 0 0.375 0.2 0.5 0.5 0.5 0.5 3 1
3 4 0.375 0 0.5 0.2 0.5 0.5 0.5 0.5 3 1
4 4 0.5 0 0.625 0.2 0.5 0.5 0.5 0.5 3 1
5 4 0.625 0 0.75 0.2 0.5 0.5 0.5 0.5 3 1
6 4 0.75 0 0.875 0.2 0.5 0.5 0.5 0.5 3 1
7 4 0.875 0 1 0.2 0.5 0.5 0.5 0.5 3 1
